42
39
41
39
41
39
42
42
39
41
42
42
37
32
32
32
29
30
34
35
37
34
34
37
34
28
25
21
17
17
17
16
17
17
16
17
19
22
22
19
21
22
22
18
18
22
26
24
23
23
26
22
21
19
18
18
21
23
23
20
23
26
23
23
25
25
27
28
28
28
31
28
28
31
32
35
38
37
33
29
29
30
32
30
32
32
30
32
33
33
33
36
38
43
40
37
40
43
41
43
41
43
37
31
29
26
23
21
21
22
24
21
21
24
21
21
23
23
21
20
21
22
21
21
21
21
26
27
29
26
26
26
26
26
23
26
26
26
26
22
22
22
19
17
17
18
20
18
20
18
20
21
22
21
17
19
20
20
17
17
20
20
20
20
20
23
21
23
24
29
34
32
35
35
35
35
35
38
36
39
39
39
39
39
42
40
44
48
48
46
43
43
47
47
47
51
51
47
47
48
47
42
42
42
39
41
37
36
37
39
42
42
42
42
42
43
45
43
42
40
37
37
37
37
38
40
37
37
37
36
34
36
33
30
28
26
23
23
25
25
27
22
20
20
18
17
16
14
16
14
16
14
17
17
16
17
17
14
17
17
14
16
14
13
8
8
11
13
13
10
13
13
13
17
17
17
22
23
25
23
27
28
30
28
27
27
30
28
30
31
31
27
22
20
20
18
18
20
18
20
21
21
17
17
17
14
16
17
17
17
19
21
18
15
13
13
16
14
17
17
17
17
16
14
16
15
12
12
13
12
12
12
8
4
6
4
3
2
0
-1
-2
-1
4
4
1
3
3
1
3
1
0
-2
-2
-4
-4
-2
-2
-4
-5
-6
-8
-8
-6
-5
-1
2
2
2
3
2
0
0
2
8
8
7
8
8
8
8
3
2
3
4
3
-1
-2
1
1
1
4
2
2
0
-5
-3
-5
-3
-2
-2
-2
1
-1
2
2
2
2
-1
-3
-4
-6
-7
-8
-7
-7
-7
-7
-10
-8
-10
-11
-14
-18
-22
-22
-19
-21
-19
-19
-21
-19
-21
-19
-23
-24
-26
-26
-24
-27
-30
-32
-33
-35
-32
-32
-32
-29
-28
-30
-30
-32
-39
-46
-46
-42
-38
-42
-43
-45
-43
-42
-41
-39
-38
-38
-42
-42
-41
-39
-38
-38
-38
-38
-39
-41
-38
-35
-37
-34
-34
-34
-34
-34
-34
-37
-39
-42
-43
-46
-46
-46
-51
-52
-54
-52
-55
-55
-51
-51
-54
-48
-45
-44
-45
-43
-42
-42
-42
-42
-45
-43
-44
-47
-47
-47
-48
-50
-47
-47
-48
-50
-48
-50
-46
-45
-46
-46
-45
-43
-45
-46
-46
-45
-46
-46
-46
-47
-46
-46
-46
-45
-43
-45
-43
-43
-45
-43
-46
-49
-50
-48
-51
-54
-56
-56
-56
-56
-56
-56
-54
-51
-51
-54
-56
-56
-56
-56
-56
-56
-54
-54
-56
-56
-56
-57
-59
-57
-56
-56
-56
-56
-59
-57
-56
-56
-59
-60
-63
-64
-66
-63
-62
-64
-61
-61
-61
-61
-64
-61
-58
-60
-58
-60
-61
-66
-66
-66
-66
-66
-69
-67
-67
-69
-66
-66
-66
-66
-69
-70
-68
-71
-71
-71
-75
-79
-82
-82
-79
-83
-87
-87
-88
-86
-90
-91
-93
-94
-95
-97
-94
-94
-94
-91
-94
-97
-95
-94
-93
-94
-94
-91
-93
-91
-90
-90
-91
-93
-91
-95
-96
-95
-95
-98
-96
-99
-99
-99
-101
-101
-103
-104
-108
-105
-102
-105
-108
-104
-100
-96
-93
-93
-95
-98
-101
-99
-101
-99
-99
-101
-99
-98
-94
-92
-94
-92
-94
-90
-86
-86
-89
-85
-84
-85
-85
-82
-84
-82
-84
-82
-81
-79
-76
-76
-77
-79
-76
-76
-77
-79
-79
-77
-81
-82
-84
-82
-85
-88
-86
-85
-85
-85
-81
-77
-79
-80
-83
-87
-88
-90
-88
-90
-91
-92
-91
-91
-92
-94
-92
-95
-95
-92
-94
-93
-90
-87
-89
-87
-86
-84
-81
-81
-81
-77
-73
-77
-81
-81
-81
-87
-89
-92
-92
-92
-92
-92
-92
-88
-84
-81
-80
-78
-80
-78
-80
-80
-78
-77
-77
-82
-83
-82
-77
-72
-75
-78
-79
-82
-83
-85
-83
-86
-86
-83
-85
-82
-79
-81
-81
-83
-84
-86
-86
-88
-90
-90
-92
-93
-97
-99
-97
-96
-96
-96
-96
-96
-93
-91
-90
-91
-91
-91
-92
-94
-95
-96
-98
-96
-98
-96
-98
-96
-98
-95
-95
-98
-96
-98
-99
-100
-102
-103
-108
-108
-102
-100
-97
-94
-94
-97
-97
-96
-97
-101
-99
-101
-102
-106
-109
-109
-109
-113
-113
-113
-116
-118
-118
-115
-117
-115
-111
-107
-107
-107
-102
-101
-102
-102
-102
-106
-110
-108
-108
-110
-108
-110
-110
-112
-117
-113
-112
-110
-112
-110
-113
-116
-114
-117
-117
-116
-117
-117
-113
-109
-107
-103
-103
-103
-98
-97
-98
-98
-98
-98
-98
-99
-98
-98
-99
-101
-102
-103
-105
-102
-102
-102
-102
-102
-101
-99
-102
-102
-98
-98
-103
-108
-108
-107
-105
-108
-108
-108
-108
-108
-111
-113
-113
-110
-113
-113
-112
-110
-109
-109
-109
-109
-110
-112
-113
-113
-108
-103
-103
-103
-100
-96
-92
-88
-91
-94
-91
-91
-92
-94
-92
-92
-94
-92
-94
-92
-94
-91
-88
-90
-90
-88
-90
-87
-87
-92
-97
-102
-100
-100
-102
-99
-99
-102
-103
-101
-100
-99
-100
-105
-105
-105
-105
-105
-106
-105
-105
-110
-115
-115
-114
-115
-115
-115
-115
-115
-116
-115
-115
-120
-121
-123
-121
-123
-124
-129
-129
-126
-128
-129
-129
-129
-133
-137
-134
-134
-138
-138
-138
-139
-138
-137
-135
-135
-137
-137
-139
-144
-142
-142
-144
-142
-142
-144
-141
-136
-131
-130
-128
-128
-130
-130
-132
-133
-135
-133
-135
-132
-132
-133
-135
-133
-132
-132
-135
-133
-135
-133
-133
-135
-132
-132
-133
-132
-131
-132
-134
-137
-137
-134
-136
-133
-130
-133
-133
-132
-130
-133
-133
-132
-130
-135
-140
-141
-140
-140
-140
-136
-132
-135
-138
-136
-140
-141
-140
-136
-139
-139
-136
-138
-138
-136
-136
-138
-136
-136
-138
-139
-140
-142
-139
-139
-142
-139
-136
-138
-134
-133
-131
-130
-130
-135
-140
-140
-140
-144
-144
-144
-144
-140
-136
-141
-146
-151
-151
-145
-143
-143
-145
-147
-150
-153
-151
-150
-149
-147
-149
-147
-149
-150
-151
-150
-150
-153
-155
-157
-160
-160
-159
-157
-157
-159
-159
-157
-157
-155
-155
-158
-156
-155
-155
-158
-160
-161
-160
-159
-160
-162
-165
-168
-166
-170
-171
-173
-170
-170
-173
-174
-177
-180
-182
-187
-185
-189
-193
-193
-192
-190
-194
-195
-197
-197
-195
-195
-193
-193
-196
-193
-193
-193
-192
-190
-192
-190
-192
-193
-194
-196
-194
-196
-193
-193
-196
-194
-196
-192
-188
-184
-186
-184
-184
-186
-184
-184
-186
-183
-180
-182
-180
-185
-190
-195
-195
-192
-194
-195
-199
-196
-196
-197
-199
-197
-199
-197
-201
-202
-204
-201
-198
-200
-200
-198
-200
-198
-201
-201
-200
-201
-201
-197
-193
-190
-190
-194
-194
-190
-186
-188
-189
-189
-189
-190
-192
-189
-186
-188
-189
-191
-194
-194
-192
-189
-186
-189
-189
-188
-186
-188
-189
-189
-188
-189
-193
-194
-191
-191
-193
-193
-195
-195
-193
-196
-199
-197
-199
-200
-204
-201
-201
-201
-201
-201
-198
-200
-200
-198
-200
-200
-198
-200
-196
-192
-192
-196
-196
-192
-192
-195
-193
-195
-192
-192
-195
-191
-190
-191
-191
-188
-191
-191
-191
-191
-186
-185
-186
-186
-183
-185
-181
-180
-178
-180
-180
-178
-177
-176
-174
-176
-174
-178
-179
-181
-182
-183
-185
-183
-185
-182
-182
-185
-183
-185
-183
-186
-189
-187
-186
-186
-186
-182
-182
-185
-186
-184
-186
-187
-192
-192
-192
-193
-192
-192
-192
-191
-189
-188
-183
-183
-187
-187
-186
-187
-191
-188
-188
-188
-188
-190
-190
-192
-190
-192
-193
-198
-198
-196
-196
-194
-195
-194
-191
-189
-189
-191
-192
-191
-191
-191
-188
-190
-189
-186
-186
-187
-186
-186
-187
-189
-190
-194
-192
-194
-192
-192
-194
-192
-194
-194
-192
-194
-191
-191
-194
-192
-194
-192
-196
-197
-199
-197
-200
-203
-201
-200
-196
-200
-204
-204
-203
-204
-204
-203
-204
-205
-207
-208
-208
-208
-211
-209
-211
-209
-212
-212
-209
-211
-209
-209
-211
-211
-213
-218
-216
-219
-219
-219
-219
-216
-218
-215
-215
-216
-215
-213
-213
-215
-215
-212
-215
-218
-214
-213
-211
-214
-217
-213
-212
-210
-212
-210
-213
-216
-214
-217
-217
-212
-211
-209
-208
-208
-208
-208
-209
-208
-206
-203
-200
-203
-206
-202
-201
-199
-201
-199
-198
-192
-191
-189
-187
-185
-185
-185
-182
-184
-185
-186
-188
-185
-182
-184
-185
-185
-182
-185
-185
-185
-185
-185
-189
-189
-186
-189
-189
-186
-185
-186
-184
-183
-178
-178
-181
-179
-181
-179
-181
-182
-182
-179
-182
-185
-181
-180
-178
-178
-180
-178
-177
-173
-176
-179
-176
-176
-176
-175
-173
-176
-176
-174
-174
-172
-175
-175
-175
-175
-175
-181
-183
-186
-189
-187
-190
-190
-190
-194
-198
-196
-199
-199
-199
-199
-198
-196
-196
-198
-199
-199
-196
-198
-194
-190
-190
-193
-191
-193
-190
-190
-191
-190
-190
-190
-189
-187
-190
-193
-195
-195
-194
-195
-195
-195
-195
-194
-192
-194
-194
-192
-192
-194
-191
-191
-192
-194
-190
-186
-186
-190
-190
-187
-185
-185
-185
-185
-185
-185
-188
-185
-185
-186
-188
-186
-186
-184
-184
-188
-188
-185
-183
-182
-180
-180
-182
-180
-179
-178
-176
-179
-179
-178
-176
-179
-182
-180
-182
-183
-183
-180
-182
-183
-187
-185
-185
-183
-182
-183
-184
-186
-187
-187
-187
-187
-187
-187
-183
-183
-183
-182
-180
-182
-182
-184
-185
-187
-183
-182
-183
-187
-184
-184
-188
-188
-184
-180
-178
-180
-181
-181
-181
-184
-182
-181
-177
-179
-177
-178
-181
-179
-182
-185
-185
-187
-185
-187
-188
-193
-193
-188
-183
-183
-184
-183
-183
-187
-187
-187
-187
-187
-187
-184
-186
-187
-191
-188
-185
-189
-193
-197
-194
-194
-199
-204
-204
-201
-203
-203
-201
-203
-201
-200
-199
-197
-197
-199
-199
-197
-199
-197
-199
-196
-193
-197
-198
-200
-197
-197
-200
-197
-194
-197
-197
-195
-193
-198
-200
-203
-203
-200
-202
-200
-202
-198
-197
-198
-203
-203
-201
-198
-198
-199
-198
-194
-196
-194
-197
-197
-193
-189
-191
-192
-192
-189
-191
-191
-189
-188
-188
-188
-188
-192
-192
-190
-187
-184
-184
-187
-190
-186
-185
-186
-187
-186
-184
-184
-186
-189
-193
-197
-197
-197
-200
-198
-197
-197
-197
-197
-202
-203
-202
-201
-199
-201
-199
-201
-201
-203
-204
-203
-203
-203
-200
-199
-201
-202
-203
-205
-203
-202
-198
-200
-198
-200
-198
-200
-198
-201
-204
-202
-204
-205
-210
-210
-206
-206
-206
-204
-204
-202
-202
-204
-201
-201
-202
-201
-200
-201
-202
-204
-202
-201
-197
-199
-196
-196
-198
-201
-201
-198
-200
-201
-202
-204
-204
-206
-207
-205
-205
-203
-203
-204
-206
-206
-204
-204
-202
-197
-199
-197
-199
-197
-197
-195
-195
-198
-196
-198
-198
-196
-198
-196
-198
-196
-198
-196
-198
-198
-196
-198
-198
-196
-198
-197
-194
-191
-193
-190
-190
-193
-195
-195
-195
-199
-199
-199
-201
-201
-199
-198
-196
-195
-195
-200
-205
-205
-205
-206
-208
-209
-209
-207
-204
-201
-205
-209
-209
-208
-206
-209
-209
-208
-206
-208
-205
-205
-208
-206
-208
-206
-208
-208
-206
-205
-205
-210
-211
-213
-211
-215
-216
-218
-216
-216
-218
-219
-219
-219
-220
-219
-218
-219
-223
-219
-218
-216
-215
-214
-212
-211
-210
-211
-213
-216
-216
-215
-216
-216
-213
-215
-211
-210
-208
-210
-207
-207
-207
-207
-208
-207
-205
-205
-203
-206
-209
-207
-209
-210
-210
-206
-206
-207
-209
-210
-210
-207
-209
-210
-210
-210
-213
-211
-213
-210
-210
-213
-210
-210
-215
-220
-220
-220
-223
-224
-222
-225
-225
-225
-225
-219
-217
-217
-215
-218
-221
-219
-218
-212
-211
-212
-212
-211
-209
-211
-207
-203
-203
-203
-203
-206
-204
-204
-206
-203
-200
-198
-198
-201
-199
-199
-201
-199
-201
-201
-199
-199
-201
-201
-199
-202
-202
-199
-201
-202
-206
-203
-200
-203
-203
-203
-203
-198
-193
-188
-185
-187
-186
-183
-183
-185
-188
-191
-192
-195
-195
-195
-198
-196
-195
-194
-195
-197
-200
-200
-197
-200
-200
-200
-200
-200
-200
-197
-197
-200
-200
-200
-201
-203
-201
-200
-200
-203
-205
-206
-205
-200
-200
-200
-197
-201
-202
-204
-202
-205
-205
-205
-205
-204
-202
-202
-204
-202
-205
-208
-206
-208
-206
-210
-211
-213
-211
-213
-211
-211
-213
-211
-214
-217
-219
-220
-222
-220
-219
-218
-216
-218
-219
-220
-219
-217
-214
-214
-217
-215
-217
-214
-214
-214
-214
-214
-213
-211
-211
-213
-211
-210
-209
-207
-209
-213
-217
-221
-223
-221
-223
-223
-221
-223
-223
-221
-223
-221
-223
-221
-223
-224
-225
-224
-223
-224
-228
-226
-225
-223
-220
-217
-217
-215
-217
-218
-218
-218
-221
-217
-213
-213
-213
-213
-214
-216
-214
-217
-217
-217
-220
-218
-217
-215
-212
-212
-217
-218
-220
-218
-220
-218
-217
-217
-217
-217
-217
-216
-214
-216
-214
-216
-214
-213
-212
-210
-210
-212
-210
-209
-209
-212
-212
-209
-209
-212
-209
-209
-209
-209
-212
-210
-212
-210
-209
-208
-209
-209
-209
-209
-204
-203
-201
-200
-196
-193
-192
-190
-189
-189
-192
-188
-187
-188
-192
-190
-190
-192
-190
-192
-189
-189
-189
-185
-185
-187
-190
-190
-186
-186
-187
-186
-185
-186
-187
-186
-186
-186
-186
-190
-190
-187
-183
-182
-183
-183
-183
-187
-187
-184
-186
-183
-183
-183
-180
-182
-180
-180
-182
-180
-183
-186
-184
-186
-187
-188
-190
-187
-187
-187
-184
-183
-180
-180
-184
-188
-185
-185
-185
-185
-185
-182
-185
-188
-186
-188
-186
-189
-189
-189
-193
-193
-191
-188
-188
-193
-194
-193
-193
-196
-193
-193
-197
-197
-192
-191
-189
-191
-192
-192
-190
-190
-192
-193
-195
-193
-196
-199
-200
-198
-197
-197
-197
-193
-189
-191
-190
-187
-187
-187
-187
-187
-187
-188
-187
-184
-180
-176
-172
-174
-172
-175
-175
-175
-175
-174
-175
-175
-175
-178
-176
-175
-175
-179
-179
-176
-178
-179
-183
-186
-186
-183
-185
-183
-183
-185
-186
-187
-189
-190
-190
-189
-187
-186
-186
-186
-183
-187
-188
-190
-188
-190
-191
-191
-191
-193
-196
-199
-197
-199
-197
-199
-197
-197
-199
-197
-196
-193
-189
-188
-186
-185
-178
-176
-173
-170
-173
-173
-172
-170
-172
-170
-169
-168
-169
-169
-166
-169
-169
-168
-169
-169
-169
-169
-169
-169
-169
-172
-170
-174
-178
-182
-180
-183
-183
-183
-185
-185
-187
-187
-189
-194
-192
-192
-190
-189
-187
-189
-187
-186
-181
-181
-184
-186
-186
-185
-183
-185
-183
-187
-188
-190
-190
-188
-187
-187
-188
-187
-186
-187
-187
-184
-180
-176
-176
-179
-181
-181
-181
-181
-180
-178
-180
-178
-180
-178
-181
-184
-182
-181
-181
-185
-185
-181
-181
-181
-180
-181
-185
-183
-185
-181
-180
-181
-186
-186
-183
-186
-186
-186
-187
-189
-190
-194
-191
-191
-194
-196
-202
-202
-199
-198
-200
-201
-205
-203
-206
-206
-206
-207
-206
-206
-209
-205
-201
-197
-199
-197
-201
-205
-209
-207
-210
-210
-210
-213
-215
-215
-215
-215
-210
-209
-210
-211
-213
-212
-213
-211
-211
-213
-211
-214
-214
-214
-215
-214
-214
-217
-219
-221
-224
-227
-223
-219
-215
-217
-215
-211
-207
-203
-206
-206
-203
-207
-211
-211
-207
-203
-205
-206
-212
-213
-215
-216
-217
-219
-220
-220
-220
-220
-220
-223
-221
-224
-224
-220
-220
-220
-217
-220
-223
-221
-220
-220
-220
-219
-217
-219
-217
-216
-216
-216
-213
-216
-219
-217
-217
-219
-217
-219
-219
-217
-216
-216
-219
-217
-219
-219
-217
-216
-210
-209
-207
-209
-210
-214
-217
-218
-220
-218
-217
-215
-212
-212
-215
-213
-212
-212
-217
-218
-220
-221
-221
-221
-222
-224
-222
-225
-228
-225
-225
-225
-224
-222
-221
-220
-218
-221
-221
-220
-221
-221
-217
-217
-220
-224
-225
-224
-224
-229
-230
-229
-225
-228
-228
-224
-224
-224
-220
-216
-218
-218
-216
-215
-211
-208
-208
-211
-213
-214
-216
-214
-216
-213
-213
-218
-219
-221
-222
-226
-224
-226
-224
-223
-223
-223
-223
-224
-223
-223
-225
-225
-227
-225
-227
-227
-225
-225
-227
-228
-229
-228
-228
-231
-229
-230
-233
-233
-232
-230
-229
-229
-229
-226
-229
-232
-230
-229
-229
-230
-232
-229
-229
-229
-229
-229
-229
-232
-230
-232
-230
-234
-235
-237
-232
-230
-230
-228
-230
-228
-230
-228
-227
-227
-230
-226
-222
-218
-223
-225
-228
-228
-227
-225
-224
-219
-219
-219
-219
-219
-219
-221
-221
-223
-222
-223
-221
-221
-223
-224
-224
-221
-220
-222
-219
-216
-218
-216
-215
-215
-215
-215
-215
-212
-211
-213
-211
-214
-217
-219
-219
-217
-214
-214
-217
-214
-214
-214
-210
-210
-210
-206
-202
-204
-201
-201
-204
-202
-201
-197
-200
-200
-198
-195
-195
-196
-198
-198
-196
-198
-196
-198
-199
-206
-213
-214
-216
-217
-221
-220
-223
-226
-224
-225
-228
-228
-226
-226
-224
-227
-227
-227
-227
-224
-228
-232
-232
-229
-231
-228
-228
-233
-234
-233
-227
-226
-227
-232
-232
-229
-231
-232
-232
-229
-227
-227
-227
-226
-224
-223
-223
-223
-222
-223
-223
-220
-224
-225
-227
-225
-224
-223
-224
-225
-227
-224
-224
-224
-220
-220
-223
-221
-220
-220
-221
-220
-220
-220
-219
-217
-221
-222
-224
-220
-216
-212
-214
-211
-211
-212
-211
-211
-211
-211
-214
-212
-215
-218
-220
-226
-226
-226
-226
-225
-223
-225
-224
-221
-221
-221
-220
-218
-219
-218
-220
-221
-221
-219
-219
-217
-220
-220
-217
-219
-216
-213
-216
-219
-217
-216
-212
-215
-215
-215
-215
-215
-219
-219
-219
-219
-216
-215
-217
-217
-219
-221
-224
-227
-228
-226
-225
-221
-224
-224
-222
-219
-219
-219
-218
-216
-216
-214
-213
-214
-215
-217
-213
-212
-213
-213
-212
-210
-212
-208
-204
-204
-208
-212
-209
-209
-209
-206
-209
-209
-206
-209
-209
-209
-212
-208
-204
-204
-205
-207
-202
-200
-197
-194
-193
-195
-193
-193
-195
-196
-200
-203
-205
-208
-208
-204
-204
-209
-210
-212
-211
-208
-205
-208
-208
-204
-200
-203
-206
-203
-200
-199
-201
-199
-202
-202
-201
-199
-203
-204
-206
-204
-206
-204
-206
-203
-203
-203
-203
-203
-198
-193
-193
-193
-190
-188
-183
-186
-189
-187
-186
-184
-184
-186
-186
-183
-181
-181
-181
-181
-185
-185
-183
-180
-180
-180
-180
-180
-177
-179
-180
-185
-185
-182
-186
-187
-189
-186
-186
-190
-194
-192
-195
-195
-195
-195
-195
-193
-190
-190
-193
-191
-193
-190
-190
-190
-190
-190
-188
-188
-190
-190
-186
-186
-186
-183
-185
-183
-182
-182
-183
-185
-183
-185
-182
-182
-182
-180
-177
-174
-177
-180
-177
-177
-178
-177
-172
-172
-176
-176
-175
-173
-177
-181
-181
-181
-181
-181
-184
-186
-186
-183
-185
-185
-183
-186
-189
-189
-186
-186
-187
-189
-186
-186
-189
-187
-190
-190
-189
-190
-190
-190
-193
-191
-195
-196
-198
-195
-192
-191
-193
-190
-187
-190
-190
-188
-185
-182
-186
-190
-190
-190
-190
-187
-189
-186
-186
-190
-194
-192
-194
-189
-184
-182
-180
-183
-186
-183
-183
-186
-184
-186
-184
-184
-182
-177
-179
-180
-187
-189
-192
-192
-192
-196
-196
-193
-195
-191
-187
-187
-191
-195
-198
-201
-202
-205
-205
-202
-201
-203
-200
-200
-201
-203
-201
-200
-196
-194
-196
-194
-193
-192
-190
-192
-193
-193
-193
-196
-193
-193
-197
-197
-195
-192
-192
-192
-189
-187
-187
-190
-183
-176
-169
-167
-164
-164
-165
-167
-163
-162
-160
-162
-160
-161
-160
-162
-162
-160
-162
-160
-162
-162
-160
-162
-161
-158
-158
-158
-157
-158
-162
-160
-159
-159
-159
-159
-160
-162
-158
-154
-150
-152
-150
-152
-149
-149
-153
-153
-153
-153
-150
-149
-146
-146
-148
-151
-151
-150
-148
-151
-151
-147
-143
-145
-143
-146
-146
-146
-150
-150
-150
-153
-150
-150
-150
-150
-150
-147
-150
-153
-150
-150
-153
-149
-148
-146
-150
-151
-150
-149
-150
-150
-150
-153
-151
-150
-146
-148
-149
-150
-152
-150
-154
-158
-162
-160
-162
-163
-163
-163
-163
-163
-163
-163
-163
-162
-163
-164
-166
-163
-160
-158
-158
-158
-155
-157
-155
-155
-157
-155
-155
-157
-154
-154
-156
-156
-158
-154
-153
-151
-155
-156
-158
-155
-155
-156
-158
-156
-155
-150
-150
-154
-154
-151
-150
-151
-149
-153
-154
-156
-153
-153
-154
-156
-153
-153
-153
-150
-153
-156
-155
-151
-150
-151
-151
-151
-152
-154
-152
-154
-155
-158
-159
-162
-162
-156
-150
-149
-150
-150
-150
-153
-155
-155
-152
-154
-152
-154
-152
-152
-154
-150
-149
-147
-149
-147
-146
-146
-146
-145
-146
-146
-146
-150
-150
-150
-150
-147
-150
-150
-149
-150
-150
-147
-150
-153
-150
-150
-153
-151
-154
-157
-155
-158
-161
-162
-160
-159
-158
-156
-156
-158
-155
-152
-154
-152
-151
-151
-152
-154
-152
-156
-160
-160
-160
-163
-160
-160
-164
-164
-161
-163
-161
-160
-160
-162
-165
-165
-162
-161
-158
-157
-155
-158
-161
-157
-156
-154
-155
-154
-156
-153
-150
-148
-148
-148
-144
-140
-142
-142
-144
-153
-156
-160
-161
-163
-161
-160
-159
-157
-159
-157
-157
-155
-155
-155
-155
-159
-159
-156
-154
-154
-157
-154
-151
-153
-150
-150
-150
-150
-151
-153
-150
-150
-151
-153
-154
-159
-159
-156
-158
-157
-158
-156
-158
-154
-153
-154
-155
-154
-154
-155
-157
-155
-157
-157
-155
-161
-164
-168
-172
-176
-179
-180
-182
-183
-187
-184
-184
-184
-184
-184
-180
-180
-180
-177
-180
-180
-180
-180
-179
-180
-181
-180
-180
-180
-180
-180
-180
-181
-183
-180
-180
-180
-180
-180
-176
-176
-179
-180
-178
-177
-177
-178
-177
-176
-177
-178
-177
-173
-175
-176
-181
-181
-180
-181
-186
-186
-183
-185
-185
-187
-187
-184
-182
-176
-176
-181
-182
-184
-185
-185
-180
-179
-177
-180
-183
-183
-180
-177
-177
-180
-183
-183
-180
-177
-181
-185
-189
-187
-186
-184
-184
-182
-183
-182
-184
-182
-181
-181
-184
-180
-179
-180
-184
-182
-184
-185
-189
-187
-186
-182
-184
-184
-186
-186
-186
-189
-187
-189
-187
-189
-187
-189
-186
-181
-179
-176
-176
-176
-176
-180
-180
-180
-180
-176
-176
-179
-181
-181
-181
-181
-181
-184
-180
-179
-177
-176
-171
-171
-172
-174
-175
-175
-175
-175
-175
-178
-178
-175
-175
-175
-172
-170
-170
-170
-167
-169
-167
-171
-172
-174
-174
-172
-172
-174
-172
-176
-180
-180
-180
-183
-181
-184
-184
-184
-188
-188
-188
-191
-189
-190
-193
-193
-192
-193
-193
-193
-193
-193
-197
-201
-199
-201
-199
-201
-202
-202
-202
-203
-202
-202
-205
-209
-210
-209
-208
-209
-216
-218
-221
-221
-221
-221
-221
-222
-224
-225
-226
-228
-229
-229
-228
-226
-228
-229
-229
-223
-217
-211
-211
-212
-214
-215
-216
-215
-214
-215
-215
-212
-215
-215
-214
-212
-215
-215
-214
-212
-216
-220
-220
-220
-224
-224
-221
-219
-214
-216
-216
-218
-223
-221
-223
-224
-226
-226
-228
-223
-218
-217
-215
-215
-213
-213
-213
-213
-213
-209
-209
-210
-209
-209
-209
-207
-204
-201
-199
-199
-199
-199
-202
-199
-199
-201
-204
-204
-201
-199
-197
-197
-199
-201
-204
-207
-204
-201
-204
-207
-205
-204
-204
-204
-204
-205
-204
-204
-206
-206
-208
-206
-202
-198
-198
-201
-198
-195
-194
-196
-194
-197
-200
-198
-200
-197
-197
-197
-192
-191
-189
-188
-188
-191
-189
-188
-188
-188
-187
-185
-189
-190
-192
-189
-186
-188
-186
-189
-189
-186
-188
-188
-186
-185
-185
-186
-185
-181
-183
-183
-181
-180
-176
-178
-175
-175
-175
-175
-176
-178
-179
-179
-179
-182
-180
-182
-179
-176
-178
-175
-175
-177
-180
-180
-176
-176
-176
-173
-172
-174
-170
-169
-170
-172
-172
-174
-175
-176
-178
-176
-178
-176
-177
-180
-183
-184
-182
-185
-185
-182
-180
-175
-177
-175
-174
-173
-174
-174
-171
-169
-168
-166
-169
-172
-174
-175
-174
-173
-174
-174
-171
-173
-171
-173
-172
-173
-171
-174
-177
-173
-169
-169
-169
-164
-163
-164
-165
-164
-164
-168
-172
-169
-169
-172
-174
-179
-176
-173
-175
-176
-176
-175
-173
-172
-171
-172
-177
-177
-176
-177
-183
-184
-186
-187
-187
-184
-187
-187
-187
-187
-185
-182
-179
-177
-172
-174
-172
-174
-172
-174
-171
-168
-170
-167
-167
-167
-164
-166
-164
-167
-170
-168
-171
-174
-171
-171
-171
-169
-169
-171
-176
-174
-176
-174
-179
-184
-185
-184
-183
-181
-183
-184
-185
-184
-184
-187
-185
-184
-179
-179
-181
-184
-187
-185
-186
-189
-192
-190
-189
-188
-189
-190
-189
-189
-189
-189
-192
-196
-200
-204
-202
-205
-205
-205
-209
-209
-206
-209
-209
-209
-212
-214
-215
-217
-214
-214
-216
-216
-218
-218
-220
-225
-222
-222
-223
-225
-225
-227
-228
-230
-231
-231
-231
-231
-228
-230
-230
-228
-228
-230
-228
-227
-226
-224
-224
-226
-227
-228
-230
-230
-228
-230
-227
-227
-228
-230
-228
-227
-223
-220
-220
-220
-219
-217
-217
-219
-217
-219
-217
-220
-220
-217
-219
-217
-219
-220
-224
-226
-224
-228
-232
-236
-234
-234
-232
-232
-237
-238
-240
-240
-238
-241
-241
-241
-242
-244
-241
-238
-240
-238
-240
-238
-239
-238
-240
-240
-242
-243
-242
-241
-242
-246
-249
-250
-252
-250
-252
-250
-252
-249
-246
-249
-252
-249
-246
-248
-246
-248
-246
-248
-246
-248
-246
-245
-244
-242
-244
-244
-242
-242
-244
-241
-238
-240
-238
-240
-238
-237
-237
-237
-237
-237
-237
-237
-237
-240
-238
-237
-237
-237
-236
-234
-236
-236
-234
-234
-236
-233
-233
-233
-229
-225
-227
-227
-225
-224
-220
-223
-223
-222
-223
-229
-235
-235
-233
-230
-230
-233
-231
-233
-231
-234
-234
-234
-237
-235
-235
-233
-233
-233
-233
-234
-236
-232
-231
-232
-232
-232
-235
-232
-232
-235
-237
-237
-237
-237
-234
-236
-234
-236
-233
-233
-233
-230
-232
-230
-232
-230
-233
-236
-233
-233
-233
-233
-233
-233
-236
-234
-237
-237
-236
-237
-241
-242
-239
-239
-242
-240
-243
-246
-243
-243
-246
-248
-248
-247
-248
-248
-246
-243
-243
-243
-243
-243
-240
-243
-243
-242
-240
-240
-242
-240
-242
-240
-242
-240
-240
-242
-240
-240
-238
-237
-235
-237
-238
-245
-247
-247
-245
-244
-245
-245
-244
-245
-246
-248
-244
-243
-241
-243
-243
-241
-241
-243
-241
-240
-234
-233
-231
-234
-234
-231
-229
-224
-226
-224
-226
-223
-223
-223
-219
-219
-223
-227
-225
-228
-231
-232
-230
-232
-232
-232
-235
-232
-232
-235
-233
-235
-230
-228
-228
-226
-228
-225
-222
-224
-222
-225
-225
-224
-225
-230
-230
-230
-231
-233
-230
-230
-231
-230
-230
-233
-231
-230
-230
-231
-233
-231
-234
-234
-231
-229
-228
-229
-229
-225
-223
-223
-225
-229
-229
-228
-226
-228
-232
-236
-236
-236
-239
-237
-240
-240
-233
-230
-229
-226
-226
-230
-230
-225
-224
-225
-229
-226
-226
-226
-226
-226
-226
-229
-227
-230
-233
-235
-235
-232
-236
-237
-236
-233
-232
-229
-229
-232
-230
-233
-233
-233
-236
-238
-239
-241
-242
-243
-245
-243
-245
-246
-247
-249
-246
-243
-241
-241
-244
-240
-239
-237
-239
-240
-243
-247
-248
-250
-250
-248
-250
-247
-247
-250
-248
-250
-254
-258
-258
-258
-258
-258
-262
-262
-262
-264
-267
-267
-262
-261
-262
-265
-266
-265
-267
-264
-261
-265
-266
-268
-269
-269
-266
-269
-269
-269
-273
-277
-274
-271
-273
-274
-274
-270
-270
-270
-270
-274
-278
-276
-275
-275
-278
-275
-275
-278
-282
-286
-286
-283
-283
-286
-286
-286
-286
-283
-283
-286
-286
-285
-283
-286
-286
-285
-283
-285
-285
-283
-283
-285
-283
-286
-286
-286
-289
-285
-284
-285
-285
-285
-285
-285
-289
-289
-285
-285
-286
-285
-284
-282
-285
-288
-289
-287
-287
-285
-284
-285
-285
-282
-281
-283
-284
-285
-284
-284
-288
-288
-285
-287
-287
-285
-289
-290
-292
-290
-289
-288
-286
-285
-285
-285
-285
-288
-286
-285
-285
-289
-289
-286
-288
-288
-290
-291
-293
-294
-294
-291
-293
-290
-290
-290
-290
-290
-290
-291
-290
-290
-290
-287
-283
-279
-279
-282
-286
-290
-290
-289
-287
-288
-291
-291
-290
-288
-288
-290
-291
-292
-294
-292
-294
-295
-295
-294
-292
-292
-294
-292
-291
-291
-291
-288
-290
-288
-290
-286
-285
-283
-285
-286
-290
-288
-287
-287
-287
-286
-287
-289
-289
-291
-289
-292
-292
-288
-288
-289
-288
-288
-288
-283
-278
-273
-269
-268
-266
-265
-261
-264
-267
-265
-264
-264
-265
-267
-268
-268
-265
-261
-260
-258
-261
-264
-266
-266
-265
-263
-266
-269
-267
-269
-267
-269
-270
-274
-272
-274
-271
-268
-270
-271
-271
-271
-271
-271
-274
-272
-275
-275
-275
-278
-276
-279
-279
-275
-271
-273
-271
-273
-270
-270
-271
-273
-271
-273
-274
-276
-276
-275
-273
-275
-273
-273
-275
-276
-277
-279
-278
-275
-275
-278
-277
-277
-278
-280
-276
-275
-273
-276
-276
-276
-279
-281
-282
-281
-281
-285
-285
-282
-284
-282
-281
-277
-279
-279
-277
-276
-276
-278
-281
-284
-286
-286
-286
-286
-283
-285
-286
-286
-282
-278
-280
-281
-282
-284
-282
-284
-285
-289
-287
-289
-286
-286
-286
-286
-287
-289
-287
-291
-292
-294
-291
-291
-294
-292
-292
-294
-292
-292
-294
-292
-297
-299
-302
-305
-303
-306
-306
-304
-301
-301
-304
-302
-304
-305
-305
-305
-306
-308
-309
-313
-318
-320
-320
-322
-323
-323
-319
-319
-322
-320
-323
-323
-323
-324
-326
-324
-326
-323
-323
-323
-323
-324
-323
-318
-318
-321
-323
-323
-318
-313
-313
-314
-313
-313
-316
-313
-313
-313
-309
-309
-312
-310
-312
-313
-313
-308
-307
-305
-308
-308
-305
-303
-303
-303
-302
-303
-303
-300
-299
-301
-302
-304
-307
-310
-312
-312
-308
-308
-311
-309
-311
-309
-311
-310
-307
-307
-311
-311
-311
-312
-311
-311
-311
-311
-311
-310
-308
-310
-308
-310
-311
-312
-314
-314
-312
-311
-311
-314
-316
-316
-315
-316
-317
-319
-317
-317
-319
-320
-320
-316
-312
-309
-309
-309
-309
-310
-312
-309
-306
-304
-299
-302
-305
-305
-307
-311
-312
-314
-314
-312
-314
-312
-311
-311
-311
-307
-307
-308
-310
-308
-308
-310
-308
-310
-308
-309
-312
-315
-313
-312
-310
-310
-312
-312
-310
-307
-307
-310
-311
-309
-311
-309
-314
-316
-319
-322
-322
-319
-319
-320
-319
-319
-322
-320
-319
-312
-310
-307
-307
-307
-306
-307
-307
-303
-303
-306
-303
-300
-300
-303
-303
-303
-307
-307
-306
-304
-305
-304
-306
-305
-306
-304
-306
-304
-308
-312
-312
-309
-311
-309
-311
-315
-316
-318
-318
-316
-315
-314
-312
-314
-312
-314
-312
-315
-315
-313
-310
-307
-310
-310
-306
-301
-296
-295
-293
-296
-296
-295
-296
-302
-303
-302
-301
-302
-302
-302
-303
-305
-304
-305
-303
-302
-302
-302
-299
-301
-298
-298
-298
-294
-290
-287
-287
-291
-291
-291
-291
-291
-294
-292
-294
-292
-294
-291
-288
-290
-291
-291
-291
-294
-292
-294
-292
-292
-294
-295
-295
-292
-294
-292
-295
-298
-295
-292
-294
-295
-296
-298
-299
-299
-295
-295
-295
-295
-295
-292
-293
-297
-301
-301
-298
-302
-306
-306
-303
-305
-303
-305
-305
-303
-305
-302
-302
-304
-307
-307
-306
-304
-303
-303
-306
-303
-303
-303
-300
-304
-308
-308
-307
-305
-307
-303
-299
-299
-299
-299
-300
-302
-299
-296
-300
-301
-300
-300
-303
-304
-302
-304
-302
-304
-302
-301
-301
-302
-304
-305
-309
-307
-307
-309
-306
-306
-308
-311
-311
-311
-311
-308
-310
-311
-311
-307
-307
-307
-306
-304
-303
-302
-300
-299
-298
-296
-298
-299
-303
-300
-297
-296
-298
-296
-295
-291
-295
-299
-303
-300
-300
-305
-306
-305
-305
-305
-301
-301
-304
-306
-307
-309
-307
-311
-312
-314
-311
-311
-315
-315
-312
-314
-312
-316
-320
-320
-316
-312
-309
-301
-300
-301
-301
-298
-297
-294
-294
-294
-294
-297
-294
-291
-294
-294
-292
-292
-294
-296
-299
-299
-299
-299
-295
-295
-298
-300
-305
-303
-306
-309
-304
-302
-299
-299
-299
-299
-302
-297
-292
-291
-289
-291
-292
-292
-291
-289
-291
-289
-291
-291
-289
-292
-292
-289
-287
-282
-284
-285
-290
-290
-289
-287
-286
-286
-289
-291
-291
-289
-286
-286
-290
-294
-297
-297
-297
-297
-293
-293
-293
-290
-288
-281
-280
-281
-285
-287
-285
-288
-291
-289
-289
-291
-292
-297
-297
-295
-295
-293
-292
-292
-295
-293
-292
-291
-292
-297
-297
-293
-293
-294
-296
-294
-296
-293
-293
-296
-293
-293
-296
-294
-296
-294
-294
-296
-297
-298
-300
-298
-301
-301
-300
-298
-297
-297
-300
-296
-295
-293
-295
-293
-295
-293
-292
-287
-282
-286
-290
-294
-291
-288
-290
-290
-292
-297
-295
-294
-294
-297
-295
-299
-300
-302
-299
-299
-303
-307
-310
-310
-309
-307
-309
-310
-310
-307
-309
-306
-306
-307
-306
-306
-310
-310
-310
-313
-309
-308
-306
-305
-300
-300
-302
-302
-304
-305
-310
-315
-313
-315
-312
-309
-311
-308
-308
-309
-308
-307
-308
-312
-309
-306
-304
-304
-305
-307
-305
-305
-307
-308
-310
-313
-313
-311
-311
-309
-308
-303
-303
-307
-308
-305
-302
-304
-301
-301
-304
-302
-301
-301
-301
-301
-303
-306
-306
-302
-302
-307
-308
-307
-306
-307
-307
-307
-311
-315
-312
-309
-307
-306
-307
-308
-310
-308
-311
-314
-312
-314
-314
-312
-312
-314
-312
-315
-315
-312
-316
-317
-316
-316
-319
-316
-313
-315
-313
-312
-311
-309
-312
-312
-308
-308
-312
-316
-312
-308
-308
-308
-304
-304
-304
-301
-303
-301
-303
-301
-304
-304
-302
-299
-299
-299
-298
-296
-299
-302
-300
-302
-299
-299
-302
-300
-299
-299
-302
-300
-299
-294
-289
-285
-285
-285
-285
-285
-285
-286
-288
-286
-285
-285
-285
-284
-285
-285
-285
-285
-284
-285
-285
-282
-284
-285
-285
-282
-284
-280
-279
-280
-284
-282
-284
-285
-285
-282
-280
-280
-283
-279
-275
-275
-278
-276
-275
-269
-268
-266
-269
-272
-266
-263
-262
-259
-256
-258
-259
-259
-256
-259
-262
-260
-262
-260
-260
-258
-256
-253
-250
-253
-253
-252
-250
-254
-255
-257
-258
-258
-258
-260
-263
-266
-264
-267
-267
-266
-267
-268
-270
-268
-270
-271
-274
-275
-278
-278
-278
-278
-276
-273
-273
-274
-273
-273
-276
-274
-277
-277
-275
-272
-272
-273
-275
-272
-272
-273
-275
-275
-277
-282
-280
-279
-279
-279
-278
-276
-276
-274
-273
-271
-271
-273
-270
-270
-270
-267
-269
-267
-269
-267
-269
-267
-266
-262
-264
-263
-264
-262
-264
-265
-265
-264
-265
-265
-265
-266
-268
-266
-266
-268
-269
-273
-271
-271
-273
-270
-270
-270
-270
-270
-270
-270
-270
-273
-271
-273
-269
-265
-261
-263
-260
-260
-264
-264
-264
-265
-264
-264
-269
-274
-279
-277
-279
-277
-279
-276
-276
-279
-277
-279
-277
-277
-279
-280
-280
-279
-277
-281
-285
-285
-280
-279
-277
-279
-275
-271
-271
-273
-273
-271
-271
-271
-269
-269
-267
-269
-268
-269
-267
-269
-267
-267
-265
-265
-266
-265
-259
-258
-256
-258
-256
-258
-258
-260
-262
-265
-268
-270
-270
-267
-266
-268
-265
-265
-265
-262
-264
-260
-259
-260
-260
-257
-255
-253
-250
-247
-249
-247
-247
-249
-247
-249
-250
-255
-255
-255
-258
-256
-258
-258
-256
-258
-256
-255
-250
-250
-253
-251
-252
-251
-253
-250
-250
-253
-251
-253
-253
-251
-255
-259
-259
-254
-253
-254
-254
-249
-248
-249
-249
-245
-241
-238
-232
-234
-232
-234
-232
-234
-232
-231
-230
-228
-232
-233
-235
-234
-235
-233
-233
-231
-231
-232
-234
-230
-226
-226
-226
-226
-229
-233
-237
-237
-237
-237
-235
-232
-229
-231
-232
-232
-226
-220
-219
-220
-222
-225
-228
-226
-229
-229
-226
-228
-229
-233
-230
-227
-229
-227
-229
-227
-229
-227
-226
-225
-223
-226
-226
-224
-221
-221
-224
-226
-226
-226
-227
-226
-226
-226
-226
-226
-226
-229
-227
-231
-235
-239
-239
-235
-231
-227
-229
-226
-226
-226
-226
-226
-223
-219
-218
-216
-216
-218
-218
-216
-219
-222
-218
-214
-214
-215
-217
-218
-218
-218
-219
-221
-218
-218
-219
-221
-219
-220
-223
-226
-223
-223
-226
-224
-226
-224
-225
-224
-221
-221
-221
-217
-213
-215
-212
-209
-212
-212
-209
-211
-211
-213
-214
-216
-213
-213
-213
-210
-212
-209
-209
-209
-208
-209
-213
-215
-213
-212
-211
-209
-211
-209
-211
-208
-205
-208
-208
-205
-203
-202
-200
-202
-202
-204
-209
-206
-203
-205
-205
-203
-206
-209
-206
-203
-205
-206
-206
-206
-206
-206
-206
-206
-209
-207
-209
-206
-206
-212
-214
-217
-220
-219
-216
-218
-219
-220
-222
-217
-215
-212
-212
-215
-211
-210
-211
-212
-214
-212
-215
-218
-219
-222
-222
-222
-223
-225
-223
-222
-222
-225
-222
-222
-225
-223
-225
-223
-222
-222
-222
-218
-213
-211
-211
-209
-211
-211
-209
-211
-208
-208
-211
-212
-215
-215
-214
-215
-216
-215
-215
-216
-218
-217
-214
-211
-214
-214
-214
-214
-214
-215
-217
-218
-222
-220
-222
-222
-220
-222
-220
-222
-220
-222
-220
-223
-223
-223
-226
-224
-227
-227
-225
-222
-222
-226
-226
-225
-223
-222
-222
-222
-222
-225
-223
-225
-223
-227
-228
-230
-231
-231
-231
-234
-232
-235
-235
-231
-231
-231
-226
-225
-226
-227
-226
-222
-224
-221
-221
-222
-224
-225
-230
-230
-225
-224
-222
-223
-226
-226
-223
-225
-221
-220
-218
-220
-221
-221
-218
-220
-221
-222
-221
-220
-218
-220
-217
-214
-219
-221
-224
-224
-223
-224
-228
-226
-228
-225
-222
-224
-222
-225
-225
-225
-225
-221
-221
-221
-217
-213
-216
-219
-217
-220
-220
-219
-217
-224
-231
-234
-235
-238
-241
-239
-242
-245
-242
-242
-246
-246
-245
-243
-245
-243
-247
-248
-250
-247
-247
-250
-246
-242
-242
-245
-243
-242
-242
-244
-247
-250
-252
-252
-252
-255
-253
-255
-256
-258
-261
-261
-261
-265
-265
-261
-261
-264
-266
-267
-269
-266
-263
-262
-264
-264
-262
-264
-262
-261
-261
-261
-261
-264
-262
-261
-261
-266
-267
-269
-267
-269
-267
-267
-265
-260
-262
-260
-262
-260
-265
-270
-271
-273
-271
-273
-271
-270
-268
-265
-262
-264
-262
-262
-260
-259
-260
-260
-257
-256
-258
-258
-256
-259
-259
-256
-255
-257
-257
-255
-257
-253
-252
-250
-251
-250
-252
-249
-249
-249
-246
-247
-246
-249
-249
-246
-250
-254
-254
-254
-256
-259
-259
-255
-255
-258
-260
-260
-257
-259
-255
-251
-247
-250
-250
-246
-246
-247
-249
-250
-256
-257
-256
-256
-259
-257
-260
-260
-260
-263
-261
-260
-260
-264
-264
-261
-264
-264
-264
-264
-261
-263
-264
-269
-269
-268
-266
-268
-266
-268
-265
-265
-269
-269
-266
-265
-262
-262
-262
-260
-260
-258
-259
-262
-262
-259
-261
-261
-263
-264
-266
-264
-264
-266
-266
-268
-270
-273
-273
-270
-273
-273
-273
-274
-276
-274
-275
-278
-281
-279
-281
-279
-278
-277
-275
-277
-275
-275
-277
-276
-273
-270
-274
-275
-277
-274
-274
-278
-278
-278
-278
-278
-278
-274
-274
-274
-274
-275
-277
-275
-277
-278
-283
-283
-279
-279
-282
-280
-280
-282
-280
-280
-282
-280
-284
-288
-288
-288
-288
-285
-288
-288
-287
-285
-288
-288
-285
-287
-285
-288
-288
-285
-283
-283
-286
-284
-283
-282
-280
-282
-282
-280
-283
-286
-284
-283
-279
-281
-282
-286
-284
-288
-289
-291
-287
-283
-283
-283
-283
-284
-283
-282
-280
-282
-283
-284
-283
-283
-283
-283
-283
-279
-275
-278
-278
-277
-278
-279
-278
-277
-278
-279
-281
-282
-282
-282
-283
-282
-278
-280
-280
-282
-288
-288
-285
-289
-290
-292
-288
-284
-284
-285
-287
-283
-279
-279
-282
-284
-284
-284
-287
-285
-287
-285
-288
-288
-285
-287
-288
-288
-284
-284
-287
-284
-281
-283
-284
-288
-291
-292
-294
-290
-289
-290
-290
-290
-294
-294
-294
-294
-291
-295
-296
-298
-299
-299
-298
-296
-298
-299
-299
-299
-303
-303
-301
-298
-298
-298
-295
-298
-298
-295
-297
-295
-297
-294
-294
-294
-294
-298
-302
-300
-302
-300
-299
-298
-299
-299
-298
-296
-298
-295
-292
-294
-292
-291
-291
-294
-296
-296
-292
-292
-292
-292
-292
-290
-290
-292
-293
-292
-292
-292
-288
-284
-286
-287
-294
-296
-299
-299
-296
-298
-295
-295
-295
-295
-298
-296
-295
-295
-296
-295
-294
-292
-294
-292
-296
-297
-299
-300
-303
-307
-308
-307
-306
-304
-303
-298
-298
-298
-295
-297
-298
-298
-294
-290
-292
-290
-292
-289
-289
-289
-288
-286
-288
-288
-286
-285
-285
-285
-285
-286
-285
-281
-279
-275
-274
-275
-275
-272
-275
-278
-274
-270
-270
-271
-273
-271
-270
-269
-267
-268
-271
-274
-276
-276
-275
-273
-275
-275
-273
-275
-279
-283
-283
-282
-283
-284
-286
-284
-286
-284
-287
-290
-288
-290
-288
-290
-287
-284
-283
-285
-283
-287
-288
-287
-286
-284
-283
-283
-283
-282
-280
-279
-274
-269
-271
-271
-269
-268
-267
-268
-269
-271
-269
-273
-274
-273
-273
-273
-270
-273
-273
-270
-268
-268
-273
-278
-278
-275
-273
-273
-274
-276
-274
-277
-277
-273
-273
-276
-278
-279
-281
-282
-286
-284
-286
-286
-284
-283
-283
-283
-280
-282
-280
-282
-279
-279
-281
-281
-283
-283
-281
-284
-284
-284
-284
-281
-277
-276
-274
-276
-274
-277
-280
-278
-277
-277
-277
-274
-273
-275
-275
-277
-277
-274
-276
-276
-274
-276
-277
-277
-277
-283
-289
-290
-292
-292
-290
-292
-291
-288
-288
-289
-288
-287
-285
-285
-283
-282
-280
-282
-278
-274
-274
-278
-278
-277
-275
-278
-278
-275
-277
-273
-272
-273
-273
-269
-269
-272
-274
-274
-272
-269
-266
-268
-269
-269
-269
-269
-265
-265
-265
-264
-265
-265
-265
-265
-265
-265
-265
-265
-265
-265
-265
-266
-268
-265
-265
-265
-264
-262
-265
-265
-264
-262
-264
-261
-258
-261
-264
-262
-264
-261
-258
-260
-257
-254
-258
-259
-261
-258
-258
-258
-257
-255
-257
-255
-257
-256
-253
-253
-257
-257
-257
-261
-261
-258
-257
-254
-251
-251
-249
-251
-249
-252
-255
-252
-249
-251
-249
-253
-254
-256
-254
-256
-252
-248
-244
-247
-250
-245
-243
-240
-240
-240
-240
-240
-238
-235
-235
-238
-235
-235
-239
-239
-238
-236
-235
-235
-238
-236
-235
-234
-232
-234
-234
-236
-236
-232
-232
-232
-231
-232
-232
-232
-232
-232
-232
-231
-229
-231
-229
-229
-231
-232
-233
-235
-233
-235
-236
-236
-233
-235
-235
-233
-232
-232
-235
-233
-232
-232
-232
-232
-235
-232
-229
-231
-232
-233
-232
-232
-232
-231
-229
-229
-227
-225
-222
-222
-225
-223
-222
-220
-220
-218
-220
-220
-218
-220
-218
-220
-221
-223
-226
-229
-227
-229
-227
-229
-227
-230
-230
-225
-224
-222
-224
-222
-222
-224
-225
-225
-224
-225
-225
-219
-217
-214
-211
-209
-207
-204
-204
-207
-205
-207
-205
-207
-205
-207
-205
-204
-204
-205
-204
-204
-204
-201
-203
-204
-210
-211
-213
-213
-211
-213
-211
-213
-214
-214
-212
-209
-209
-211
-214
-214
-210
-210
-211
-210
-206
-210
-214
-214
-211
-213
-213
-215
-221
-221
-221
-221
-221
-225
-225
-222
-224
-222
-224
-224
-222
-224
-222
-221
-217
-220
-220
-219
-217
-216
-214
-211
-208
-213
-215
-215
-217
-215
-218
-218
-217
-218
-224
-225
-227
-225
-221
-217
-213
-215
-216
-219
-223
-227
-231
-229
-228
-228
-229
-231
-229
-232
-235
-232
-229
-231
-228
-228
-229
-231
-228
-228
-231
-231
-228
-228
-231
-229
-231
-228
-228
-228
-227
-228
-230
-233
-233
-232
-233
-234
-236
-234
-236
-237
-241
-243
-247
-247
-245
-242
-242
-243
-245
-243
-245
-242
-239
-242
-242
-242
-243
-245
-243
-245
-242
-242
-242
-242
-245
-243
-242
-237
-237
-237
-233
-233
-233
-229
-229
-233
-233
-233
-236
-234
-236
-236
-239
-239
-239
-240
-242
-239
-236
-239
-242
-239
-236
-239
-239
-235
-235
-238
-236
-238
-234
-233
-234
-234
-231
-229
-228
-226
-229
-229
-226
-224
-223
-221
-223
-220
-217
-216
-218
-215
-212
-214
-211
-208
-206
-206
-206
-206
-208
-211
-214
-212
-214
-211
-211
-212
-214
-211
-211
-211
-210
-208
-207
-207
-210
-208
-210
-207
-207
-208
-210
-207
-207
-210
-208
-208
-210
-211
-215
-213
-216
-216
-216
-219
-217
-219
-219
-217
-219
-217
-219
-220
-222
-225
-225
-223
-223
-221
-221
-223
-220
-220
-220
-219
-220
-220
-220
-220
-219
-217
-217
-219
-216
-216
-217
-216
-216
-216
-212
-208
-211
-214
-212
-214
-212
-211
-206
-206
-206
-205
-206
-210
-207
-207
-213
-215
-215
-217
-215
-217
-218
-218
-215
-217
-215
-215
-217
-216
-213
-210
-208
-208
-208
-208
-212
-212
-212
-216
-216
-216
-218
-218
-220
-218
-221
-224
-221
-218
-220
-218
-218
-216
-215
-216
-217
-219
-216
-213
-215
-216
-223
-225
-225
-227
-228
-228
-225
-228
-228
-228
-228
-228
-228
-228
-232
-232
-227
-226
-224
-226
-227
-228
-227
-226
-224
-226
-224
-229
-231
-234
-234
-233
-234
-234
-231
-233
-234
-234
-231
-233
-231
-233
-234
-234
-231
-234
-237
-235
-235
-237
-233
-229
-229
-229
-226
-228
-226
-228
-226
-225
-223
-220
-220
-221
-220
-220
-223
-217
-214
-210
-209
-207
-206
-206
-209
-207
-209
-210
-212
-215
-215
-212
-214
-212
-211
-211
-212
-214
-215
-219
-216
-213
-215
-213
-215
-213
-217
-221
-221
-220
-218
-221
-221
-221
-224
-221
-221
-222
-221
-219
-219
-221
-223
-226
-226
-226
-230
-230
-227
-229
-226
-223
-225
-223
-222
-222
-222
-218
-214
-216
-214
-217
-220
-218
-220
-218
-220
-221
-221
-221
-224
-225
-223
-222
-222
-222
-222
-225
-223
-226
-226
-222
-222
-223
-222
-217
-217
-220
-218
-220
-218
-221
-224
-222
-221
-221
-221
-221
-224
-222
-222
-223
-220
-220
-224
-224
-224
-224
-221
-224
-227
-225
-224
-224
-224
-224
-228
-228
-227
-225
-224
-224
-227
-225
-230
-232
-232
-230
-229
-230
-230
-230
-230
-227
-230
-230
-224
-222
-219
-219
-220
-219
-215
-213
-209
-208
-206
-208
-203
-198
-197
-195
-194
-190
-192
-192
-194
-194
-193
-191
-193
-190
-187
-189
-189
-187
-189
-190
-190
-190
-190
-187
-189
-187
-189
-186
-186
-186
-186
-188
-191
-191
-188
-190
-191
-192
-194
-195
-195
-190
-189
-187
-186
-185
-183
-185
-183
-185
-186
-186
-185
-183
-186
-186
-186
-189
-187
-189
-193
-194
-196
-194
-196
-197
-198
-200
-198
-197
-192
-192
-194
-197
-197
-197
-199
-202
-202
-199
-201
-202
-203
-205
-203
-202
-200
-197
-194
-196
-195
-196
-194
-197
-197
-193
-193
-194
-196
-194
-196
-194
-196
-194
-193
-189
-191
-190
-187
-184
-186
-187
-187
-186
-184
-186
-182
-178
-178
-178
-177
-175
-177
-175
-175
-177
-178
-182
-180
-183
-186
-184
-186
-182
-181
-182
-183
-185
-182
-182
-182
-182
-184
-187
-190
-187
-184
-186
-184
-186
-187
-187
-185
-182
-179
-183
-184
-183
-178
-178
-178
-178
-183
-184
-186
-186
-188
-189
-191
-188
-188
-191
-189
-188
-183
-183
-186
-188
-188
-185
-187
-188
-188
-188
-188
-188
-191
-189
-191
-189
-191
-188
-188
-190
-193
-193
-190
-192
-193
-197
-194
-194
-195
-194
-193
-194
-193
-195
-193
-194
-197
-197
-197
-200
-198
-201
-201
-201
-201
-201
-205
-205
-201
-201
-204
-201
-198
-200
-198
-200
-197
-197
-200
-202
-202
-202
-202
-201
-202
-202
-202
-206
-206
-205
-203
-206
-206
-206
-209
-207
-206
-202
-207
-212
-213
-215
-213
-212
-212
-214
-217
-220
-218
-218
-220
-220
-222
-227
-231
-231
-230
-228
-229
-228
-225
-225
-229
-229
-226
-228
-226
-228
-228
-226
-228
-226
-228
-229
-233
-231
-234
-237
-235
-234
-230
-234
-235
-234
-234
-234
-234
-237
-234
-234
-237
-235
-238
-238
-238
-238
-238
-242
-246
-243
-240
-242
-240
-240
-242
-239
-239
-241
-244
-244
-240
-236
-240
-241
-243
-244
-249
-249
-248
-246
-249
-249
-245
-241
-238
-235
-231
-230
-231
-237
-238
-240
-236
-232
-232
-233
-235
-235
-233
-232
-228
-231
-231
-226
-221
-221
-224
-221
-218
-221
-224
-226
-231
-229
-228
-227
-225
-227
-225
-227
-225
-224
-220
-223
-226
-226
-223
-223
-223
-219
-215
-213
-215
-215
-217
-217
-213
-213
-217
-217
-214
-212
-212
-215
-213
-217
-218
-220
-217
-214
-215
-219
-220
-222
-218
-217
-215
-217
-218
-220
-223
-223
-220
-226
-232
-234
-237
-237
-237
-240
-238
-237
-233
-230
-221
-219
-216
-216
-220
-221
-219
-221
-219
-224
-226
-226
-224
-221
-217
-216
-217
-217
-216
-214
-217
-220
-217
-217
-217
-216
-214
-216
-217
-217
-214
-212
-212
-215
-213
-215
-213
-212
-211
-212
-212
-212
-215
-213
-212
-211
-212
-212
-212
-217
-218
-220
-218
-218
-220
-217
-214
-216
-213
-213
-217
-217
-217
-220
-218
-221
-224
-226
-227
-229
-227
-227
-225
-220
-222
-219
-219
-223
-223
-223
-223
-223
-228
-229
-228
-222
-221
-222
-223
-222
-218
-222
-226
-226
-226
-233
-240
-242
-245
-245
-242
-244
-241
-238
-242
-243
-242
-242
-242
-240
-240
-238
-240
-237
-234
-236
-234
-236
-234
-237
-237
-236
-234
-236
-237
-241
-238
-235
-234
-236
-234
-236
-233
-233
-236
-233
-230
-228
-228
-228
-226
-223
-220
-218
-218
-218
-218
-219
-221
-219
-221
-218
-218
-220
-223
-226
-223
-223
-227
-227
-225
-222
-219
-221
-218
-215
-217
-217
-219
-224
-221
-218
-220
-217
-214
-218
-219
-218
-214
-212
-214
-215
-215
-212
-214
-215
-219
-216
-216
-216
-215
-213
-213
-215
-216
-220
-223
-223
-223
-225
-225
-227
-225
-227
-228
-229
-231
-232
-233
-235
-233
-233
-235
-235
-237
-237
-237
-240
-238
-237
-237
-237
-234
-236
-234
-236
-233
-230
-233
-236
-234
-236
-234
-238
-239
-241
-239
-242
-245
-243
-242
-242
-243
-245
-242
-239
-241
-235
-232
-228
-227
-225
-228
-228
-224
-220
-223
-223
-222
-220
-222
-222
-220
-222
-220
-219
-219
-220
-219
-219
-222
-223
-221
-223
-224
-225
-227
-225
-224
-224
-224
-223
-221
-222
-225
-225
-225
-225
-225
-228
-225
-222
-225
-228
-230
-235
-233
-232
-231
-232
-237
-237
-237
-239
-239
-241
-241
-239
-240
-243
-243
-243
-243
-240
-242
-242
-244
-244
-244
-248
-248
-247
-245
-248
-251
-249
-251
-247
-246
-247
-252
-252
-249
-247
-246
-247
-251
-249
-252
-252
-251
-249
-248
-248
-248
-244
-240
-243
-243
-240
-243
-246
-248
-248
-245
-247
-247
-245
-249
-253
-253
-253
-253
-253
-253
-252
-250
-255
-257
-260
-263
-260
-260
-260
-257
-259
-260
-260
-260
-260
-259
-257
-261
-262
-261
-261
-261
-261
-262
-264
-264
-262
-264
-264
-262
-264
-262
-262
-260
-259
-260
-265
-270
-266
-262
-258
-261
-264
-265
-263
-266
-269
-269
-266
-266
-266
-262
-262
-266
-266
-266
-269
-266
-263
-265
-262
-262
-262
-258
-258
-260
-263
-263
-260
-263
-266
-264
-263
-262
-260
-259
-255
-254
-251
-253
-251
-251
-253
-254
-254
-250
-246
-248
-244
-240
-240
-244
-244
-243
-244
-249
-249
-249
-252
-250
-249
-249
-250
-249
-249
-252
-250
-252
-250
-250
-252
-248
-244
-244
-248
-252
-250
-252
-252
-254
-254
-250
-250
-254
-254
-254
-259
-260
-259
-258
-259
-263
-265
-269
-270
-272
-268
-267
-265
-268
-271
-273
-274
-273
-273
-273
-270
-272
-270
-274
-275
-277
-275
-277
-278
-279
-278
-278
-281
-278
-275
-278
-278
-278
-278
-277
-275
-277
-275
-277
-278
-282
-279
-279
-280
-282
-283
-285
-288
-288
-285
-287
-285
-287
-285
-289
-290
-292
-290
-290
-292
-290
-290
-288
-288
-288
-288
-292
-292
-289
-291
-289
-291
-291
-289
-291
-292
-292
-292
-293
-292
-292
-296
-300
-296
-292
-292
-292
-287
-286
-284
-286
-285
-286
-284
-287
-290
-286
-282
-282
-282
-279
-281
-279
-282
-282
-279
-281
-279
-278
-271
-264
-257
-250
-245
-247
-245
-248
-248
-248
-249
-251
-251
-253
-253
-253
-255
-258
-261
-257
-256
-257
-261
-258
-258
-258
-255
-253
-252
-250
-253
-253
-253
-257
-257
-257
-257
-253
-253
-257
-257
-254
-256
-254
-254
-252
-247
-249
-250
-251
-253
-251
-256
-258
-261
-264
-261
-261
-262
-264
-265
-266
-265
-265
-269
-273
-271
-273
-273
-276
-279
-277
-276
-276
-276
-274
-274
-272
-274
-275
-275
-275
-275
-275
-275
-275
-275
-273
-270
-270
-273
-269
-268
-266
-266
-268
-269
-270
-272
-269
-269
-269
-269
-269
-268
-269
-269
-268
-266
-265
-261
-263
-264
-268
-266
-269
-269
-269
-269
-266
-269
-272
-273
-271
-274
-277
-275
-278
-281
-283
-284
-286
-284
-286
-282
-281
-282
-282
-282
-288
-290
-290
-292
-289
-286
-288
-288
-286
-285
-280
-280
-280
-277
-282
-284
-287
-290
-287
-284
-286
-283
-283
-286
-284
-286
-287
-291
-294
-294
-289
-284
-284
-290
-292
-292
-294
-294
-292
-291
-291
-296
-301
-301
-296
-291
-291
-293
-293
-291
-285
-285
-285
-281
-281
-283
-286
-289
-290
-288
-289
-292
-292
-287
-286
-284
-286
-284
-283
-283
-283
-283
-284
-283
-279
-281
-281
-279
-278
-278
-279
-281
-279
-279
-281
-279
-281
-279
-278
-278
-278
-278
-280
-283
-283
-280
-276
-275
-273
-275
-276
-277
-279
-280
-284
-280
-276
-276
-279
-276
-276
-279
-277
-280
-280
-276
-272
-275
-275
-275
-275
-275
-279
-279
-275
-275
-275
-275
-278
-276
-275
-270
-270
-273
-270
-267
-265
-260
-257
-259
-259
-257
-260
-260
-259
-257
-259
-257
-256
-255
-256
-256
-256
-261
-262
-264
-261
-261
-261
-258
-262
-266
-270
-268
-270
-268
-272
-276
-276
-274
-271
-271
-271
-271
-271
-271
-271
-271
-271
-268
-270
-268
-267
-265
-262
-262
-262
-262
-263
-262
-262
-262
-261
-262
-262
-258
-258
-263
-264
-266
-264
-266
-266
-264
-267
-267
-266
-264
-268
-269
-271
-269
-271
-266
-261
-260
-261
-261
-261
-264
-265
-268
-271
-268
-265
-267
-264
-264
-266
-269
-269
-265
-261
-264
-264
-261
-259
-259
-259
-259
-260
-259
-259
-260
-262
-259
-259
-259
-255
-255
-259
-263
-261
-263
-261
-260
-260
-261
-263
-261
-263
-264
-264
-260
-260
-264
-264
-264
-267
-265
-268
-271
-269
-268
-267
-265
-264
-264
-265
-267
-267
-265
-268
-271
-269
-271
-271
-269
-269
-271
-268
-268
-268
-268
-268
-267
-265
-268
-268
-267
-268
-268
-268
-269
-271
-268
-268
-268
-268
-268
-268
-272
-272
-268
-264
-267
-267
-267
-267
-267
-269
-269
-267
-267
-270
-268
-267
-267
-267
-264
-266
-260
-257
-253
-249
-249
-252
-253
-251
-254
-254
-251
-253
-254
-254
-254
-254
-250
-246
-248
-246
-248
-246
-248
-244
-243
-241
-241
-243
-244
-245
-247
-245
-247
-245
-247
-244
-244
-247
-248
-246
-249
-252
-249
-249
-250
-249
-249
-249
-249
-252
-254
-255
-257
-257
-259
-261
-264
-264
-263
-261
-264
-267
-265
-265
-267
-267
-265
-268
-271
-269
-268
-268
-268
-265
-263
-262
-263
-267
-269
-273
-273
-273
-274
-273
-272
-270
-272
-272
-270
-272
-270
-269
-268
-266
-269
-269
-269
-269
-266
-264
-259
-261
-261
-259
-261
-259
-261
-259
-262
-262
-260
-260
-258
-257
-256
-257
-257
-256
-254
-256
-252
-248
-248
-248
-245
-247
-243
-242
-240
-242
-240
-243
-246
-247
-245
-247
-245
-248
-251
-249
-251
-249
-251
-249
-252
-252
-249
-247
-242
-244
-242
-242
-244
-245
-245
-245
-245
-242
-240
-240
-240
-237
-240
-243
-239
-238
-239
-240
-242
-242
-240
-242
-240
-240
-242
-239
-239
-239
-236
-234
-233
-234
-238
-240
-238
-240
-237
-234
-237
-240
-238
-240
-241
-242
-244
-242
-245
-245
-242
-243
-247
-248
-250
-250
-248
-247
-246
-244
-246
-244
-247
-250
-251
-249
-251
-248
-248
-249
-251
-251
-249
-251
-252
-252
-252
-252
-249
-251
-252
-253
-252
-251
-252
